problem
1. active mode: motor not moving to target position
2. distance sensor timeout
3;0;0.99252802;0.124533;0.124533;110;20

0.99850112 0.02498126
damp, spring = 1, 0.03
3;0;0.99850112;0.02498126;0.02498126;110;20

damp, spring = 0.6, 0.03
3;0;0.99750312;0.04161465;0.04161465;90;25
3;0;0.99750312;0.04161465;0.04161465;90;30
3;0;0.99750312;0.04161465;0.04161465;110;30
3;0;0.99750312;0.04161465;0.04161465;120;30

damp, spring = 1.2, 0.12 [Ns/mm, N/mm]
3;0;0.99501247;0.02078138;0.02078138;90;30
3;0;0.99501247;0.02078138;0.02078138;90;25

damp, spring = 2, 0.12
3;0;0.99700449;0.01248128;0.01248128;90;25

damp, spring = 2, 0.3
3;0;0.99252802;0.0124533;0.0124533;90;25

damp, spring = 2, 0.4
3;0;0.99004975;0.01243781;0.01243781;90;25

3.05 PM 9.35 N 
3.09 PM 9.09 N (0.26)

3.29 PM 9.64 N
3.34 PM 9.58 N (0.06)


patokan